[gd_scene load_steps=2 format=3 uid="uid://ci4ns551kegnn"]

[ext_resource type="PackedScene" uid="uid://d3xwgghy8k4q" path="res://player/CRAB_v1.glb" id="1_q0med"]

[node name="Player2" instance=ExtResource("1_q0med")]

[node name="Skeleton3D" parent="crabBones" index="0"]
bones/0/position = Vector3(0.0251374, -0.157071, 2.42305)
bones/0/rotation = Quaternion(-0.0325209, 0.776316, -0.628604, 0.0336624)
bones/1/rotation = Quaternion(-0.116836, 1.16417e-07, 2.27549e-08, 0.993151)
bones/2/rotation = Quaternion(-0.49221, 1.85058e-08, -3.68541e-08, 0.870476)
bones/3/scale = Vector3(1, 1, 1)
bones/6/rotation = Quaternion(-0.49221, 6.41489e-08, 1.63558e-07, 0.870476)
bones/11/rotation = Quaternion(-0.104501, -0.644476, -0.613845, 0.443762)
bones/13/rotation = Quaternion(-0.386195, -0.468872, -0.685827, 0.400817)
bones/15/rotation = Quaternion(-0.368326, -0.495905, -0.669698, 0.412212)
bones/17/rotation = Quaternion(-0.350286, -0.538644, -0.608358, 0.4659)
bones/20/rotation = Quaternion(-0.0951171, 0.64895, 0.62993, 0.415938)
bones/22/rotation = Quaternion(-0.32445, 0.500998, 0.722072, 0.34978)
bones/24/rotation = Quaternion(-0.308382, 0.52912, 0.704442, 0.358739)
bones/26/rotation = Quaternion(-0.296484, 0.57682, 0.642129, 0.408712)
bones/28/rotation = Quaternion(4.26435e-08, -0.620927, 0.783868, 1.98147e-07)

[node name="Icosphere001" parent="crabBones/Skeleton3D" index="0"]
transform = Transform3D(0.995619, -0.0914139, -0.0196797, 0.0928132, 0.991697, 0.089008, 0.0113798, -0.0904445, 0.995836, 0.00049001, 0.121911, 0.0951297)
bone_idx = 4

[node name="Cube002" parent="crabBones/Skeleton3D" index="1"]
transform = Transform3D(0.995619, -0.0914139, -0.0196797, 0.0928132, 0.991697, 0.089008, 0.0113798, -0.0904445, 0.995836, 0.000489891, 0.121911, 0.0951296)
bone_idx = 5

[node name="Icosphere" parent="crabBones/Skeleton3D" index="2"]
transform = Transform3D(0.995619, -0.0914139, -0.0196797, 0.0928132, 0.991697, 0.0890081, 0.0113798, -0.0904445, 0.995836, 0.00049001, 0.121911, 0.09513)
bone_idx = 8

[node name="Cube001" parent="crabBones/Skeleton3D" index="3"]
transform = Transform3D(0.995619, -0.0914139, -0.0196797, 0.0928132, 0.991697, 0.0890081, 0.0113798, -0.0904445, 0.995836, 0.00049001, 0.121911, 0.09513)
bone_idx = 9

[node name="Cube010" parent="crabBones/Skeleton3D" index="4"]
transform = Transform3D(0.991036, -0.133444, 0.00647494, 0.133457, 0.991054, -0.00154021, -0.00621155, 0.0023908, 0.999978, 0.028366, 0.063689, -0.0188141)
bone_idx = 12

[node name="Cube008" parent="crabBones/Skeleton3D" index="5"]
transform = Transform3D(1, -2.08616e-07, -2.68221e-07, 3.39933e-07, 1, 1.885e-06, 4.32134e-07, -1.42306e-06, 1, 0.0115829, -0.0344208, -0.00703847)
bone_idx = 14

[node name="Cube007" parent="crabBones/Skeleton3D" index="6"]
transform = Transform3D(1, -7.60425e-07, -5.21541e-07, 1.04844e-06, 1, 8.15839e-07, 4.24683e-07, -6.55651e-07, 1, 0.00783488, -0.0212112, -0.00541097)
bone_idx = 16

[node name="Cube006" parent="crabBones/Skeleton3D" index="7"]
transform = Transform3D(1, -1.3737e-07, 1.41561e-06, 5.9139e-08, 1, 8.45641e-07, -1.33365e-06, -6.10948e-07, 1, 0.0291733, -0.0217961, -0.00553508)
bone_idx = 18

[node name="Cube009" parent="crabBones/Skeleton3D" index="8"]
transform = Transform3D(0.99985, 0.0130914, -0.0113597, -0.0131005, 0.999913, -0.000751674, 0.011349, 0.000900775, 0.999935, -0.0098809, 0.136093, -0.000336945)
bone_idx = 21

[node name="Cube005" parent="crabBones/Skeleton3D" index="9"]
transform = Transform3D(1, -1.77883e-07, -7.89762e-07, 2.82191e-07, 1, 1.05798e-06, 7.15256e-07, -8.04663e-07, 1, 0.0063464, 0.0765184, 0.00656331)
bone_idx = 23

[node name="Cube004" parent="crabBones/Skeleton3D" index="10"]
transform = Transform3D(1, 7.82777e-07, 7.22706e-07, -6.68224e-07, 1, 2.64496e-07, -7.59959e-07, -4.47035e-08, 1, 0.0038383, 0.0634226, 0.00496548)
bone_idx = 25

[node name="Cube003" parent="crabBones/Skeleton3D" index="11"]
transform = Transform3D(1, -1.20373e-07, -7.97212e-07, 3.70666e-07, 1, 8.71718e-07, 8.71718e-07, -7.0408e-07, 1, 0.0250143, 0.0662982, 0.00526631)
bone_idx = 27

[node name="Cone" parent="crabBones/Skeleton3D" index="12"]
transform = Transform3D(0.995619, -0.0922602, -0.0152266, 0.0928132, 0.994845, 0.0408447, 0.0113798, -0.0420787, 0.999049, 0.0141617, -0.0139385, 0.00696808)
bone_idx = 29

[node name="Cube" parent="crabBones/Skeleton3D" index="13"]
transform = Transform3D(0.995619, -0.0928158, -0.011359, 0.0928132, 0.995683, -0.00075154, 0.0113798, -0.000305727, 0.999935, 0.0109389, 0.0215102, -0.000185728)
bone_idx = 30
