[gd_scene load_steps=2 format=3 uid="uid://ci4ns551kegnn"]

[ext_resource type="PackedScene" uid="uid://d3xwgghy8k4q" path="res://player/CRAB_v1.glb" id="1_q0med"]

[node name="Player2" instance=ExtResource("1_q0med")]

[node name="Skeleton3D" parent="crabBones" index="0"]
bones/0/position = Vector3(0.0251374, -0.157071, 2.42305)
bones/0/rotation = Quaternion(0.0427563, 0.77582, -0.628911, -0.0273259)
bones/1/rotation = Quaternion(-0.111718, 1.18917e-07, 2.15967e-08, 0.99374)
bones/2/rotation = Quaternion(-0.545815, 1.50024e-08, -3.28216e-08, 0.837905)
bones/3/scale = Vector3(1, 1, 1)
bones/6/rotation = Quaternion(-0.538598, 7.23386e-08, 1.66327e-07, 0.842563)
bones/11/rotation = Quaternion(-0.0998331, -0.653669, -0.619831, 0.422564)
bones/13/rotation = Quaternion(-0.329313, -0.497617, -0.726697, 0.340355)
bones/15/rotation = Quaternion(-0.313614, -0.52594, -0.709149, 0.349486)
bones/17/rotation = Quaternion(-0.302381, -0.573856, -0.64742, 0.400128)
bones/20/rotation = Quaternion(-0.079911, 0.669858, 0.650226, 0.349444)
bones/22/rotation = Quaternion(-0.381605, 0.472845, 0.680397, 0.4097)
bones/24/rotation = Quaternion(-0.363393, 0.499643, 0.664158, 0.420947)
bones/26/rotation = Quaternion(-0.344743, 0.542086, 0.602213, 0.473956)
bones/28/rotation = Quaternion(4.26123e-08, -0.617468, 0.786596, 1.96444e-07)

[node name="Icosphere001" parent="crabBones/Skeleton3D" index="0"]
transform = Transform3D(0.99485, 0.100411, -0.0137953, -0.100714, 0.994642, -0.0233194, 0.0113798, 0.0245888, 0.999633, 0.0413809, -0.0250769, -0.0377512)
bone_idx = 4

[node name="Cube002" parent="crabBones/Skeleton3D" index="1"]
transform = Transform3D(0.99485, 0.100411, -0.0137953, -0.100714, 0.994642, -0.0233194, 0.0113798, 0.0245888, 0.999633, 0.0413808, -0.0250767, -0.0377514)
bone_idx = 5

[node name="Icosphere" parent="crabBones/Skeleton3D" index="2"]
transform = Transform3D(0.99485, 0.100634, -0.0120683, -0.100714, 0.994896, -0.0062295, 0.0113798, 0.00741293, 0.999908, 0.0429819, -0.00708175, -0.0184598)
bone_idx = 8

[node name="Cube001" parent="crabBones/Skeleton3D" index="3"]
transform = Transform3D(0.99485, 0.100634, -0.0120683, -0.100714, 0.994896, -0.00622952, 0.0113798, 0.00741295, 0.999908, 0.0429819, -0.00708127, -0.0184598)
bone_idx = 9

[node name="Cube010" parent="crabBones/Skeleton3D" index="4"]
transform = Transform3D(0.999884, 0.0115477, 0.00993064, -0.011506, 0.999925, -0.00424296, -0.00997892, 0.00412855, 0.999942, 0.0834779, 0.107611, -0.0230219)
bone_idx = 12

[node name="Cube008" parent="crabBones/Skeleton3D" index="5"]
transform = Transform3D(1, -1.35936e-05, -1.93715e-07, 1.35312e-05, 1, -9.16421e-07, 2.5332e-07, 1.00583e-06, 1, 0.0120061, 0.0844013, -0.00703835)
bone_idx = 14

[node name="Cube007" parent="crabBones/Skeleton3D" index="6"]
transform = Transform3D(1, 5.72065e-07, 0, -2.23517e-07, 1, 1.8999e-07, -2.98023e-08, -2.23517e-08, 1, 0.0358096, 0.0680931, -0.00541133)
bone_idx = 16

[node name="Cube006" parent="crabBones/Skeleton3D" index="7"]
transform = Transform3D(1, -2.8871e-07, -7.15256e-07, 5.42495e-08, 1, 1.9744e-07, 7.15256e-07, -1.22935e-07, 1, 0.0293963, 0.0696837, -0.00553403)
bone_idx = 18

[node name="Cube009" parent="crabBones/Skeleton3D" index="8"]
transform = Transform3D(0.937471, 0.347879, -0.0112909, -0.347885, 0.937536, 0.00144973, 0.0110899, 0.00256914, 0.999935, 0.0701898, 0.298603, -0.000310063)
bone_idx = 21

[node name="Cube005" parent="crabBones/Skeleton3D" index="9"]
transform = Transform3D(1, 4.23752e-07, -7.89762e-07, -2.86847e-07, 1, 1.19209e-07, 7.30157e-07, 8.19564e-08, 1, 0.00585395, -0.0359911, 0.00656366)
bone_idx = 23

[node name="Cube004" parent="crabBones/Skeleton3D" index="10"]
transform = Transform3D(1, -1.13351e-05, -1.04308e-07, 1.1516e-05, 1, -9.68575e-08, 1.3411e-07, 1.37836e-07, 1, 0.0311131, -0.0237494, 0.00496531)
bone_idx = 25

[node name="Cube003" parent="crabBones/Skeleton3D" index="11"]
transform = Transform3D(1, 1.12031e-05, 4.61936e-07, -1.10874e-05, 1, 5.88596e-07, -4.09782e-07, -4.5076e-07, 1, 0.0245101, -0.0259049, 0.00526696)
bone_idx = 27

[node name="Cone" parent="crabBones/Skeleton3D" index="12"]
transform = Transform3D(0.99485, 0.101041, -0.00796406, -0.100714, 0.994326, 0.0342529, 0.0113798, -0.0332742, 0.999381, 0.0427115, -0.00706327, 0.00533623)
bone_idx = 29

[node name="Cube" parent="crabBones/Skeleton3D" index="13"]
transform = Transform3D(0.99485, 0.100724, -0.0112912, -0.100714, 0.994914, 0.00144973, 0.0113798, -0.000304878, 0.999935, 0.0456058, 0.0209029, -0.00018549)
bone_idx = 30
